0.999918257495458
0.362474500096908
0.520363254059711
0.689698616736559
0.819709351499593
0.929558617435356
0.933602199365197
0.616866697778362
0.443840600034126
0.333145613329823
0.370866606803548
0.530009407381193
0.680872572389276
0.692368729542629
0.542635463876168
0.343018826384962
0.250368277121392
0.338551750188078
0.53729672979444
0.690319604243591
0.683382141547867
0.534492324215463
0.373141318021753
0.330888937846853
0.438311055398323
0.611605804326398
0.930850705204405
0.930832744782952
0.822041882133172
0.690216275700656
0.519161098388094
0.361439961537988
