0.999796690711969
0.99817151126611
0.992929673834872
0.966819355456974
0.941635574859749
0.928697985162834
0.920777261222212
0.916224516499427
0.912752484270094
0.908832608997364
0.904886946047175
0.899674745541612
0.892611640401784
0.873981535234933
0.852453094458923
0.824833302140032
0.783872239172963
0.759689473023462
0.635073590730503
0.421432131510192
0.00372437031893802
0.410821617635979
0.626165690331699
0.779307227465092
0.809911853532532
0.827443271265945
0.830349715341259
0.842619450263816
0.86216193965877
0.875664707032937
0.883026614733907
0.88792136634553
0.891804766431751
0.895038760229928
0.897792219032002
0.900181839721559
0.902287832068002
0.904167467441006
0.905865063872184
0.907414662696812
0.908842287402601
0.910169270777029
0.911411922223171
0.912584177035374
0.913696515371823
0.914758452701207
0.915776842653859
0.917707377768969
0.920974518427375
0.92635760877616
0.934826333071439
0.951073815081181
0.971999800297226
0.993567384211261
0.998260767417105
0.99979669071197
