0.999904139523482
0.471081543419406
0.444464870452056
0.466357049750543
0.533168873339468
0.631692205793623
0.741326351236128
0.838095196154461
0.89950848974566
0.909392299915094
0.861533505658644
0.761354838231732
0.625176220958203
0.47719795106834
0.344740140879386
0.252765305427657
0.218799885095376
0.249352152070176
0.33857259969765
0.46945606932018
0.617316157724271
0.754808575899729
0.8574176194063
0.908287625847676
0.901355039683827
0.842223895756841
0.746615483968703
0.636813878650841
0.536869609161822
0.467712468895687
0.443054747381949
0.467052818889265
