0.987661791573598
0.378010176261392
0.36546814563023
0.351509508644071
0.3359289868262
0.317965819472629
0.299729849834306
0.278345529730553
0.254336360908473
0.227497784928054
0.197972324277986
0.166587917535561
0.133811016395166
0.100953620970781
0.0699349772789156
0.0389519074236899
0.0210976651012643
0.00803495457141601
0.0209594063036525
0.0378168449991435
0.0675396827348743
0.0974698875677577
0.128833064536639
0.160511291634253
0.191299481037736
0.221040879307448
0.248920773643155
0.274569754094846
0.297762461153329
0.317491223909069
0.336761341520677
0.353781603495019
0.369875757537847
0.384746255594818
