0.987741645067793
0.374293707392393
0.361275304812071
0.346851315658978
0.330836027212169
0.312986305349083
0.293004980324913
0.270573565293647
0.245411634045646
0.217370079890705
0.186551774969391
0.153451976380536
0.119127208217845
0.0853240606994294
0.0544740076480809
0.0294398785023585
0.0130045372990278
0.00718397190964215
0.0126370589785432
0.0284682045688504
0.0525338547674439
0.082087714410838
0.114461805361108
0.147536927520271
0.179926010451629
0.210859318503077
0.239900147207985
0.266697903588036
0.290945542729446
0.31249256295336
0.331587803976372
0.34908282895232
0.365676181764041
0.381014513635975
