0.987690015687716
0.396415325468148
0.383705431859801
0.369570201261213
0.353958471918685
0.33674623240737
0.317942644433614
0.29713031960122
0.274324338384428
0.249207840025542
0.222344764144886
0.193706987231398
0.164005789221457
0.134537876014342
0.104540451361065
0.0728266239624842
0.03373660121244
0.048575432655434
0.0337441040932314
0.0701109957025099
0.101627192903711
0.130851006680065
0.159446942861448
0.18834479434442
0.216776102065883
0.243893222936037
0.269844807143431
0.293925706308271
0.31622008904179
0.336345259144672
0.354554841864007
0.371400779223874
0.38729989845673
0.401888356379177
