0.45570088835198
0.455700888317446
0.532571151387361
0.592044400274142
0.692231398376455
0.692231397458211
0.287733677921058
0.92804847825513
0.287733677921092
0.76357695806286
0.412290912521972
0.265717160376763
0.59204440178622
0.868094982654944
0.592044401786217
0.412290912521911
0.357429334231981
0.692231399340279
0.287733677228309
0.987750173372409
0.592044401786204
0.357429334231992
0.868094982654964
0.200425094322524
0.26571716037676
0.237510920584806
0.59204440178618
0.326696045477151
0.868094982654986
0.928048478623033
