0.999903273372494
0.99655610246415
0.990861847220773
0.981640797356741
0.962458408443998
0.945092058300231
0.934724254775295
0.932603633556948
0.93101051971639
0.929414529955793
0.927812953056319
0.92619875491477
0.924559527854682
0.922873960044401
0.921106300944184
0.919198592847828
0.91705362499002
0.914505454928602
0.911252573763461
0.908421058686936
0.906701226809203
0.899501539422165
0.885711693489805
0.859112679775853
0.835264215233687
0.819860854718186
0.809999535635332
0.730937892081673
0.378954688968749
0.0188662797779748
0.369065819205938
0.724062549256245
0.773455682830165
0.807803461337569
0.83229127282543
0.859925890436637
0.86905363137692
0.888258164062603
0.896953608147955
0.902765818638486
0.907155911415191
0.910646408857268
0.912616701577712
0.914367933439922
0.916671451879139
0.918674907060072
0.920450405752646
0.92204969045441
0.923511256547563
0.924863790305634
0.926129270932255
0.927324001524466
0.928087825223524
0.928829224259881
0.929551022013065
0.9302551145318
0.931282540881742
0.932280211068502
0.933252571942316
0.934202718829824
0.935133552687118
0.93604725610354
0.936945723011313
0.937830044510637
0.938412376676325
0.939275726704936
0.940127684923287
0.940968564065076
0.945283374892485
0.953790467103407
0.968600225106533
0.984180302311254
0.991827027168439
0.996797946785307
0.999782398282625
0.992292768396687
0.979729416820147
0.959850170053259
0.920257344259726
0.886328337697206
0.866847759081613
0.862923105663031
0.85998547423193
0.857050407024439
0.85411139069313
0.851153661499301
0.848152280019925
0.845065681816243
0.841825629870496
0.838323272507147
0.834378792943004
0.82969015689419
0.823720004531095
0.818557682355353
0.815445697717006
0.802699718312453
0.780258184695824
0.74655882540125
0.719934794980044
0.691738013087988
0.667914011159376
0.554793850702702
0.242923218141156
0.0620228623496554
0.235925217578843
0.54596873903393
0.607978583523879
0.655276146915644
0.691386081260812
0.737343258673001
0.758577092031624
0.782814759231154
0.797426354449642
0.807755384746119
0.815692584951506
0.822061393525575
0.825675004318938
0.828896464210518
0.833145603014137
0.836850047448765
0.840138240261256
0.843103241998348
0.845814881805905
0.848325564553142
0.850675701187402
0.852895431159529
0.854315143214503
0.855693682582227
0.85703633268036
0.858346659578485
0.860259982380782
0.862119582303444
0.863933885918297
0.865708794684473
0.867449838656366
0.869161195884756
0.870846493959071
0.872507843455799
0.873603337388226
0.875229767077518
0.876837527073163
0.87842722096678
0.886632718688548
0.903078911995324
0.932676548210972
0.965267702763573
0.981843201439125
0.992831288483456
0.999674984438044
0.988541365408252
0.970095332781428
0.941487791598134
0.886564636271609
0.841566757575737
0.816509809992819
0.811518287509324
0.807791577026839
0.8040746569026
0.80035749440848
0.796619280018972
0.792825975167998
0.788922153481235
0.78481834773015
0.780373651367592
0.775358114939785
0.769390499401952
0.761803968873576
0.7552763864228
0.75136361924251
0.735588013695788
0.70921709824785
0.673230138188742
0.644889092047935
0.611193601485957
0.582436527838897
0.462529995156702
0.194627609925442
0.00366099399361441
0.188964936083808
0.453631209805334
0.515220454872461
0.564681935129713
0.604040821643782
0.657462466362348
0.683881354947132
0.710728502773697
0.728286360705837
0.741095289929899
0.751060607355242
0.75911198250252
0.763697932297581
0.767795219999123
0.773210288534737
0.777938855669466
0.782140220599696
0.785930708182972
0.78939821177766
0.792609075058307
0.795614726135303
0.798453699713343
0.800269590457144
0.802032980504331
0.803750691922686
0.805427354445057
0.80787632925428
0.810257646590453
0.812582311507311
0.814858081621548
0.817092222881643
0.819290251428165
0.821456961102384
0.823595179659437
0.825006463899278
0.827103829449371
0.829179720632865
0.831234968814797
0.841890398563554
0.863519787826124
0.90349640382918
0.949213273100844
0.973178756741366
0.989338446520666
0.999473660412069
0.981602755719865
0.952664828235579
0.909391054521899
0.831478183687293
0.772295304054098
0.740905334101648
0.734754901296609
0.730178095514495
0.725622530676047
0.721071730805479
0.716495268690516
0.711845672776562
0.707048350578387
0.701986067792863
0.696477923168644
0.690234519560346
0.682786283807257
0.673334688187441
0.665262330869052
0.660464891815423
0.641555087856174
0.61188146638118
0.574318993215185
0.54423331559185
0.507039589026445
0.475693258307175
0.360088335659632
0.15129182610656
0.0794282541349686
0.147131477501581
0.351939738213248
0.407233702343774
0.454354280939662
0.493797371349118
0.551640404410755
0.582936430658756
0.61097917472097
0.631246180152165
0.646609466775449
0.658779389593004
0.668715356145907
0.674407842965653
0.679510311951155
0.686272767279418
0.692190324589511
0.69745350866406
0.702203283019294
0.706547398529883
0.710567981116153
0.714329252792201
0.717879725144554
0.720149667521734
0.722353333332373
0.724499451985096
0.72659401585902
0.729653322873542
0.732628624898312
0.735534299421348
0.738380617579255
0.741177185479755
0.743931371449221
0.746649593285327
0.749335758333691
0.751110933547694
0.753752676768936
0.756371927903609
0.758969940875079
0.772527111063995
0.800593539411841
0.854779051515343
0.920885921969526
0.957444361814929
0.982871900748551
