0.988313770356997
0.387718071323313
0.382829789514002
0.37767428666722
0.372288348131344
0.366733146393265
0.360953923991655
0.354888452224763
0.348552000127366
0.341968340224281
0.335105495480098
0.327894319172865
0.320348599017192
0.312471695225932
0.304235820579846
0.295569956967712
0.286488545961397
0.276996389142854
0.267045130153958
0.256623820388765
0.245744033524547
0.234426100703149
0.222634127183864
0.210401065582481
0.197766729040754
0.184811085433039
0.17151151951503
0.157965431767791
0.144317443406311
0.130635807620703
0.116983684072339
0.103594475367811
0.090619600172589
0.0781531285458971
0.0663245473984229
0.0553551087174151
0.0452791064692238
0.0361959240060079
0.028106922358032
0.0208900613993629
0.0143973747651353
0.00785919850775263
0.0139263946000877
0.020317029541459
0.0273484825183364
0.0351937284940206
0.043960642181435
0.0536402263573404
0.0641591639573551
0.075510703458822
0.0874187672244856
0.099786389527788
0.112617540799563
0.125717571291565
0.138785292294951
0.151919092870381
0.165099505077364
0.178040807359895
0.190711686224204
0.203316780564345
0.215661229777154
0.227588551722769
0.239241632370088
0.250693510405377
0.261722214541936
0.272294126704851
0.282566164014447
0.292475665309803
0.3018686377267
0.310796894526536
0.319394946700287
0.327565254686863
0.335239513322538
0.342610443635715
0.349822847377737
0.356674488776727
0.363277917127171
0.369867516096307
0.376432877850345
0.382802487731529
0.388636156430909
0.39432853435528
