1
1
1
1
1
1
1
1
1
1
1
1
1
1
1
1
1
1
1
1
1
1
1
1
1
0.37182294241198
0.371822942411982
0.371822942411985
0.371822942411991
0.371822942411992
0.371822942412
0.371822942411996
0.371822942411991
0.371822942411995
0.371822942411995
0.371822942411992
0.371822942411998
0.371822942412
0.371822942411996
0.371822942412
0.37182294241199
0.371822942412
0.371822942411997
0.371822942411996
0.371822942411992
0.371822942411908
0.37182294241191
0.371822942411912
0.371822942411913
0.371822942411911
0.362944743248537
0.362944743248535
0.362944743248531
0.362944743248533
0.362944743248536
0.362944743248532
0.362944743248533
0.362944743248535
0.362944743248534
0.362944743248529
0.362944743248532
0.362944743248533
0.362944743248535
0.362944743248533
0.362944743248537
0.362944743248533
0.362944743248537
0.362944743248537
0.362944743248532
0.362944743248537
0.362944743248536
0.362944743248537
0.362944743248536
0.362944743248533
0.362944743248212
0.353742537133367
0.353742537133366
0.353742537133364
0.353742537133363
0.353742537133363
0.35374253713337
0.353742537133363
0.35374253713336
0.353742537133361
0.35374253713337
0.353742537133365
0.353742537133368
0.353742537133364
0.353742537133367
0.353742537133369
0.353742537133368
0.353742537133369
0.353742537133365
0.353742537133364
0.353742537133365
0.353742537133364
0.35374253713337
0.353742537133364
0.353742537133362
0.353742537133367
0.344220345799722
0.344220345799719
0.344220345799719
0.344220345799717
0.344220345799721
0.344220345799726
0.344220345799724
0.344220345799718
0.344220345799722
0.344220345799724
0.344220345799724
0.344220345799719
0.344220345799721
0.344220345799722
0.344220345799722
0.344220345799719
0.344220345799716
0.344220345799724
0.344220345799726
0.344220345799721
0.344220345799717
0.344220345799717
0.344220345799719
0.344220345799723
0.344220345799727
0.334385807266243
0.334385807266243
0.334385807266239
0.334385807266239
0.334385807266241
0.334385807266241
0.33438580726624
0.334385807266242
0.334385807266243
0.334385807266241
0.334385807266244
0.334385807266243
0.334385807266243
0.334385807266243
0.334385807266244
0.33438580726624
0.334385807266244
0.334385807266243
0.334385807266245
0.334385807266237
0.334385807266242
0.334385807266239
0.33438580726624
0.334385807266242
0.33438580726624
0.324244083085088
0.324244083085092
0.324244083085091
0.324244083085088
0.324244083085087
0.324244083085085
0.324244083085092
0.324244083085087
0.324244083085086
0.32424408308509
0.324244083085092
0.324244083085091
0.324244083085096
0.324244083085087
0.324244083085085
0.324244083085093
0.324244083085094
0.324244083085086
0.324244083085092
0.324244083085088
0.324244083085087
0.324244083085091
0.324244083085087
0.324244083085085
0.324244083085091
0.31379991045763
0.313799910457635
0.313799910457635
0.31379991045763
0.313799910457633
0.313799910457627
0.313799910457629
0.313799910457633
0.31379991045763
0.313799910457635
0.313799910457636
0.313799910457627
0.313799910457631
0.313799910457632
0.313799910457631
0.31379991045763
0.313799910457634
0.313799910457633
0.313799910457631
0.313799910457635
0.313799910457633
0.313799910457632
0.313799910457633
0.313799910457629
0.313799910457628
0.303053936027116
0.303053936027115
0.303053936027113
0.303053936027115
0.303053936027119
0.303053936027117
0.303053936027114
0.303053936027116
0.303053936027115
0.303053936027116
0.303053936027113
0.303053936027121
0.303053936027113
0.303053936027117
0.303053936027111
0.303053936027118
0.303053936027113
0.303053936027116
0.303053936027117
0.303053936027121
0.303053936027115
0.303053936027117
0.303053936027116
0.303053936027116
0.303053936027121
0.292006524281742
0.29200652428174
0.292006524281741
0.292006524281737
0.292006524281741
0.292006524281738
0.292006524281738
0.292006524281748
0.292006524281738
0.29200652428174
0.292006524281739
0.292006524281741
0.292006524281741
0.292006524281738
0.292006524281748
0.29200652428174
0.29200652428174
0.292006524281742
0.292006524281739
0.292006524281733
0.292006524281742
0.292006524281738
0.29200652428174
0.292006524281741
0.292006524281743
0.280662295779337
0.280662295779339
0.280662295779336
0.280662295779335
0.280662295779338
0.280662295779338
0.280662295779333
0.280662295779336
0.280662295779343
0.28066229577934
0.280662295779338
0.280662295779341
0.28066229577934
0.280662295779341
0.280662295777179
0.280662295777183
0.280662295777184
0.28066229577718
0.280662295777181
0.280662295777181
0.28066229577718
0.280662295777178
0.280662295777182
0.280662295777177
0.280662295777176
0.269033557552204
0.269033557552205
0.269033557552205
0.269033557552205
0.269033557552205
0.269033557552204
0.269033557552209
0.269033557552202
0.269033557552213
0.269033557552204
0.269033557552203
0.269033557552201
0.269033557552208
0.269033557552204
0.269033557552206
0.269033557552207
0.269033557552205
0.269033557552201
0.269033557552201
0.269033557552206
0.269033557552209
0.269033557552213
0.269033557552206
0.269033557552209
0.269033557552201
0.0363063640545053
0.0363063640545024
0.0363063640545033
0.036306364054503
0.0363063640545046
0.0363063640545069
0.0363063640545044
0.0363063640545057
0.0363063640545042
0.0363063640545033
0.036306364054503
0.0363063640545026
0.0363063640545024
0.0363063640545072
0.0363063640545034
0.0363063640545075
0.036306364054502
0.036306364054504
0.0363063640545069
0.0363063640545054
0.0363063640545056
0.0363063640545046
0.0363063640545035
0.0363063640545034
0.0363063640545001
0.0323836688068316
0.0323836688068331
0.0323836688068321
0.032383668806831
0.0323836688068314
0.0323836688068341
0.0323836688068311
0.0323836688068297
0.032383668806831
0.0323836688068314
0.032383668806832
0.0323836688068319
0.032383668806834
0.0323836688068296
0.032383668806833
0.0323836688068323
0.0323836688068323
0.0323836688068313
0.0323836688068323
0.0323836688068286
0.032383668806833
0.0323836688068312
0.0323836688068319
0.0323836688068303
0.032383668806834
0.0184562837742657
0.0184562837742638
0.0184562837742659
0.0184562837742631
0.018456283774264
0.018456283774264
0.0184562837742617
0.0184562837742636
0.0184562837742649
0.0184562837742636
0.0184562837742641
0.018456283774264
0.0184562837742638
0.0184562837742628
0.0184562837742634
0.018456283774263
0.0184562837742642
0.0184562837742646
0.0184562837742633
0.0184562837742646
0.0184562837742627
0.0184562837742638
0.0184562837742638
0.0184562837742648
0.0184562837742646
0.0179218426215016
0.0179218426215016
0.0179218426215016
0.0179218426215016
0.0179218426215016
0.0179218426215016
0.0179218426215016
0.0179218426215016
0.0179218426215016
0.0179218426215016
0.0179218426215016
0.0179218426215016
0.0179218426215016
0.0179218426215016
0.0179218426215016
0.0179218426215016
0.0179218426215016
0.0179218426215016
0.0179218426215016
0.0179218426215016
0.0179218426215016
0.0179218426215016
0.0179218426215016
0.0179218426215016
0.0179218426215016
0.0172831766005929
0.017283176600592
0.0172831766005966
0.0172831766005945
0.0172831766005941
0.0172831766005934
0.0172831766005951
0.0172831766005931
0.0172831766005942
0.0172831766005935
0.0172831766005933
0.0172831766005934
0.0172831766005935
0.0172831766005938
0.0172831766005918
0.0172831766005934
0.0172831766005938
0.017283176600594
0.0172831766005954
0.017283176600593
0.0172831766005928
0.0172831766005941
0.017283176600594
0.0172831766005935
0.0172831766005952
0.0316855886494442
0.0316855886494454
0.031685588649444
0.0316855886494422
0.031685588649443
0.0316855886494409
0.0316855886494433
0.031685588649445
0.0316855886494432
0.031685588649443
0.0316855886494418
0.0316855886494444
0.0316855886494436
0.0316855886494423
0.0316855886494428
0.0316855886494425
0.0316855886494426
0.0316855886494432
0.0316855886494455
0.0316855886494417
0.031685588649446
0.0316855886494432
0.0316855886494444
0.0316855886494433
0.0316855886494437
0.036833623420227
0.0368336234202252
0.0368336234202287
0.0368336234202266
0.036833623420228
0.0368336234202272
0.0368336234202261
0.0368336234202243
0.0368336234202233
0.0368336234202264
0.0368336234202263
0.0368336234202252
0.0368336234202278
0.0368336234202254
0.036833623420226
0.0368336234202276
0.0368336234202293
0.036833623420229
0.0368336234202251
0.0368336234202239
0.0368336234202263
0.0368336234202254
0.0368336234202273
0.0368336234202233
0.0368336234202264
0.261195057470858
0.261195057470863
0.261195057470861
0.261195057470866
0.261195057470859
0.261195057470862
0.261195057470862
0.261195057470867
0.261195057470863
0.261195057470864
0.26119505747086
0.261195057470858
0.261195057470859
0.261195057470859
0.26119505747086
0.261195057470866
0.261195057470867
0.26119505747086
0.261195057470864
0.26119505747086
0.261195057470863
0.261195057470862
0.261195057470857
0.261195057470868
0.26119505747086
0.273165905341426
0.273165905341419
0.273165905341423
0.273165905341424
0.273165905341418
0.273165905341418
0.273165905341418
0.273165905341417
0.27316590534142
0.273165905341422
0.27316590534142
0.273165905342229
0.273165905342857
0.273165905342861
0.273165905342857
0.273165905342863
0.273165905342867
0.273165905342863
0.273165905342865
0.273165905342861
0.273165905342861
0.27316590534286
0.273165905342864
0.273165905342861
0.273165905342861
0.284903919728725
0.28490391972873
0.284903919728727
0.28490391972873
0.284903919728731
0.284903919728729
0.284903919728726
0.284903919728727
0.284903919728732
0.28490391972873
0.284903919728722
0.284903919728725
0.284903919728727
0.28490391972873
0.284903919728727
0.284903919728725
0.284903919728727
0.284903919728727
0.284903919728731
0.284903919728729
0.284903919728726
0.284903919728729
0.284903919728733
0.28490391972873
0.284903919728732
0.296377480403027
0.296377480403026
0.296377480403029
0.296377480403027
0.296377480403025
0.296377480403031
0.296377480403025
0.296377480403028
0.296377480403029
0.296377480403028
0.296377480403025
0.296377480403029
0.296377480403032
0.29637748040303
0.296377480403024
0.29637748040303
0.296377480403027
0.296377480403029
0.296377480403028
0.296377480403029
0.296377480403028
0.296377480403031
0.296377480403029
0.296377480403023
0.296377480403031
0.307560315548548
0.307560315548546
0.307560315548549
0.307560315548553
0.30756031554855
0.307560315548544
0.307560315548543
0.307560315548547
0.307560315548551
0.307560315548546
0.307560315548545
0.307560315548544
0.307560315548544
0.307560315548549
0.307560315548545
0.307560315548548
0.307560315548546
0.307560315548549
0.307560315548546
0.307560315548547
0.307560315548544
0.307560315548546
0.307560315548547
0.307560315548549
0.30756031554855
0.318431467775896
0.3184314677759
0.318431467775904
0.318431467775905
0.318431467775898
0.318431467775901
0.318431467775903
0.3184314677759
0.318431467775904
0.318431467775901
0.318431467775901
0.318431467775903
0.318431467775898
0.318431467775901
0.318431467775899
0.318431467775901
0.318431467775904
0.318431467775905
0.318431467775901
0.318431467775903
0.318431467775906
0.3184314677759
0.318431467775903
0.318431467775899
0.3184314677759
0.328977240777219
0.32897724077722
0.32897724077722
0.328977240777231
0.328977240777223
0.32897724077722
0.328977240777228
0.328977240777222
0.328977240777224
0.328977240777222
0.328977240777222
0.328977240777224
0.328977240777228
0.328977240777225
0.328977240777223
0.328977240777224
0.32897724077722
0.328977240777218
0.328977240777229
0.328977240777219
0.328977240777226
0.32897724077722
0.328977240777221
0.328977240777225
0.328977240777224
0.339194495635903
0.339194495635908
0.339194495635904
0.339194495635909
0.339194495635912
0.339194495635911
0.33919449563591
0.339194495635905
0.339194495635906
0.339194495635908
0.339194495635908
0.339194495635909
0.339194495635903
0.339194495635912
0.339194495635902
0.339194495635908
0.339194495635906
0.339194495635903
0.33919449563591
0.339194495635912
0.339194495635905
0.339194495635912
0.339194495635906
0.33919449563591
0.339194495635907
0.34910157730241
0.349101577302412
0.349101577302414
0.349101577302415
0.349101577302416
0.349101577302415
0.349101577302413
0.349101577302408
0.349101577302414
0.349101577302421
0.34910157730241
0.349101577302414
0.349101577302409
0.349101577302414
0.349101577302414
0.349101577302417
0.349101577302409
0.349101577302412
0.349101577302414
0.349101577302411
0.349101577302413
0.34910157730242
0.349101577302416
0.349101577302418
0.349101577302411
0.358753445001036
0.358753444879287
0.358753444879292
0.358753444879295
0.358753444879296
0.358753444879297
0.358753444879297
0.358753444879291
0.358753444879294
0.358753444879292
0.358753444879291
0.358753444879291
0.358753444879297
0.358753444879291
0.358753444879291
0.358753444879295
0.358753444879294
0.358753444879296
0.358753444879297
0.358753444879298
0.358753444879296
0.358753444879287
0.358753444879295
0.358753444879292
0.358753444879296
0.368177931634787
0.368177931634795
0.368177931634794
0.368177931634793
0.368177931634788
0.368177931498355
0.368177931498353
0.368177931498353
0.368177931498348
0.368177931498353
0.368177931498349
0.368177931498346
0.368177931498354
0.368177931498348
0.368177931498351
0.368177931498348
0.368177931498352
0.368177931498352
0.368177931498349
0.368177931498352
0.368177931498353
0.368177931498352
0.368177931507691
0.368177931515411
0.368177931515407
