0.635262376046663
0.602388064080128
0.671267191236973
0.763602373836882
0.8317737597922
0.831773759500118
0.470351480966528
0.957356191471081
0.470351480966533
0.890004758513055
0.648729551390914
0.470144452663525
0.721091937940743
0.93428785753125
0.747212447457964
0.56110183031057
0.542658010739662
0.831773759462927
0.526850018822256
0.994979449725261
0.721091937940879
0.542658014721588
0.942290111689597
0.332538303920011
0.502875642891606
0.47110625672193
0.787535062345388
0.511458143250923
0.934287857531194
0.962192010019473
