0.997870098315021
0.982033738230875
0.943933611002624
0.925471287523809
0.900406192334981
0.869797104184735
0.837012607652771
0.834972368239056
0.832770064675282
0.830353749992926
0.827651215964584
0.824564280643679
0.820952378422444
0.816611693145586
0.811233189390911
0.804328408290799
0.795079705481427
0.782040133086471
0.762679669642834
0.73513261195953
0.703559911447424
0.67443880680865
0.624874651408992
0.531792535155242
0.363212240089744
0.169714262513977
0.0520509889137944
0.0059136981519663
0.046385479280619
0.166779624068326
0.354089216351238
0.523034121478725
0.624430637467545
0.688767823607701
0.728107232003805
0.74759991455013
0.777641208293295
0.795203414975127
0.806570015943565
0.815015930000817
0.821690403243405
0.827158332842138
0.831765652433977
0.835741896833379
0.839245047679128
0.842388454058614
0.845253320883865
0.84790123375875
0.850376962945673
0.887431906586562
0.915852189605754
0.937084046660105
0.952251565640698
0.983846087302345
