0.971354383656361
0.664582311189236
0.431819727932055
0.426822582596832
0.421316967745003
0.415200105111683
0.408344168164612
0.400598074159426
0.391778341885775
0.381664081056872
0.369991910597165
0.356449870133057
0.340669895463864
0.322224282905183
0.300636566453345
0.303425176182508
0.327264281578277
0.347516456934231
0.364753302053509
0.379502571040265
0.392216137072571
0.403266511723169
0.41295708369639
0.421533676274204
0.429194599848498
0.43609929434319
0.442380490345982
0.448143169139094
0.698355772356737
0.972712047035631
