0.999986959094904
0.812704599752996
0.875431505603517
0.945797436775393
0.955382813216202
0.863100620963713
0.690760170261381
0.519582892977983
0.44458695313825
0.512929126321704
0.686638706165231
0.857525620980835
0.909359939696406
0.790576604017803
0.551033033693426
0.317242205568434
0.218965886349666
0.311671468987766
0.543047448664931
0.784554269050656
0.908257314644352
0.861175772529806
0.692012269530323
0.516113588952774
0.443179138552333
0.514001529044345
0.683751799067764
0.857893371907267
0.953747339937145
0.947219181118366
0.877781560536512
0.813806779195913
