0.992386976848443
0.442891526035812
0.426263481922657
0.407750395130147
0.387004562931646
0.363695990726495
0.337453286552711
0.30797118130849
0.274956182516407
0.238670928101266
0.1999671553573
0.16040571467273
0.121825915726004
0.0859712137082629
0.0546667706262335
0.0293626090035871
0.0133792823419974
0.00743748076468087
0.0131327981349809
0.0284622344580103
0.0526265541001496
0.0826340398529967
0.116856462742765
0.153570814998345
0.191859526880104
0.23042667089769
0.267878754737122
0.303016482548299
0.334899432707863
0.36321205849717
0.388192069191567
0.410835587371631
0.43177793758227
0.450967597305897
