0.98781262211022
0.385475847116492
0.373163657734144
0.359447833088007
0.344235265585593
0.327447620030767
0.308841288110933
0.288240048425797
0.265012284434553
0.23955007502542
0.211294599154071
0.181556733466533
0.149876273521426
0.118748085813246
0.088291655961659
0.0559313481532102
0.0366368775710953
0.0104594743045435
0.0357433266247886
0.0536947204760415
0.0857677643130234
0.115209527724468
0.145087368468706
0.17595399658597
0.205351736548648
0.233929710110776
0.260450761606357
0.285280250440601
0.307657251861959
0.32778160146713
0.345496448694524
0.361732407818354
0.377760289655538
0.392375491091097
